0 0.175367 0.392826 0.022031 0.022486
0 0.722699 0.548438 0.064523 0.070153
0 0.595125 0.528715 0.048922 0.060597
0 0.839027 0.618604 0.091758 0.080875
0 0.499820 0.556868 0.065250 0.073042
0 0.532348 0.674667 0.070008 0.105194
0 0.491508 0.462472 0.038531 0.040222
0 0.626020 0.499549 0.052102 0.053181
0 0.447813 0.457743 0.046500 0.048264
0 0.440617 0.581764 0.052109 0.067083
0 0.342871 0.543014 0.040086 0.067778
0 0.353422 0.468396 0.048797 0.066292
0 0.287734 0.595000 0.080313 0.176667
0 0.247422 0.519944 0.046734 0.092111
0 0.255742 0.456222 0.033813 0.038750
0 0.244207 0.431785 0.037914 0.033708
0 0.219945 0.402076 0.016938 0.030819
0 0.202094 0.402076 0.026516 0.036625
0 0.286145 0.405160 0.029789 0.030458
0 0.325824 0.417125 0.029992 0.034083
0 0.364887 0.435382 0.035711 0.032014
0 0.380371 0.421618 0.027492 0.028097
0 0.432191 0.424424 0.032555 0.043819
0 0.515613 0.440153 0.042664 0.049444
0 0.837227 0.543965 0.086172 0.098319
0 0.968055 0.716250 0.063891 0.147056
