0 0.812609 0.923611 0.162391 0.152778
0 0.429973 0.938042 0.125852 0.123917
0 0.482926 0.471910 0.041492 0.029542
0 0.528711 0.726479 0.068359 0.103097
0 0.584453 0.523118 0.050469 0.045514
0 0.305227 0.414528 0.022016 0.022056
0 0.386320 0.626479 0.060344 0.094069
0 0.456922 0.587201 0.055906 0.070347
0 0.276934 0.604681 0.046836 0.076667
0 0.785410 0.561993 0.099039 0.095264
0 0.613719 0.476444 0.036594 0.034639
0 0.575605 0.480167 0.052039 0.051056
0 0.258461 0.549965 0.039484 0.057208
0 0.172156 0.398292 0.017000 0.023083
0 0.184785 0.386965 0.019586 0.025597
0 0.211809 0.403118 0.030211 0.032736
0 0.249789 0.397750 0.027078 0.030083
0 0.410750 0.431590 0.029188 0.037597
0 0.375008 0.442118 0.034687 0.039097
0 0.266922 0.481597 0.046109 0.063917
0 0.344973 0.489118 0.049070 0.062431
0 0.455379 0.517326 0.054148 0.066181
0 0.850078 0.562396 0.061766 0.079153
0 0.718422 0.604090 0.064609 0.080347
0 0.482750 0.459958 0.040453 0.051111
