0 0.635223 0.557438 0.058961 0.051931
0 0.595969 0.466528 0.035203 0.046056
0 0.428051 0.435937 0.038711 0.037347
0 0.398070 0.447472 0.037297 0.035250
0 0.478453 0.611910 0.069469 0.090986
0 0.375898 0.613861 0.064719 0.096194
0 0.309934 0.465049 0.041789 0.051958
0 0.274699 0.489326 0.039055 0.048069
0 0.237969 0.533507 0.038234 0.049042
0 0.267844 0.409306 0.021828 0.028250
0 0.191852 0.397340 0.020812 0.019625
0 0.239691 0.408222 0.024273 0.026083
0 0.556984 0.466597 0.055094 0.060972
0 0.271941 0.832722 0.080508 0.161889
0 0.686523 0.742688 0.090188 0.116347
0 0.497332 0.481389 0.042758 0.038750
0 0.462691 0.949444 0.114289 0.095083
0 0.326355 0.416861 0.034852 0.035861
0 0.762918 0.409319 0.037430 0.050444
0 0.965617 0.707667 0.064375 0.065278
0 0.275813 0.707993 0.062688 0.101264
0 0.608117 0.889674 0.110719 0.182292
0 0.768801 0.568944 0.067367 0.067306
0 0.814422 0.519597 0.059906 0.057917
0 0.772852 0.652861 0.078312 0.090583
