0 0.306301 0.401340 0.021805 0.021347
0 0.460020 0.468028 0.034648 0.043306
0 0.390223 0.431319 0.033883 0.030694
0 0.323359 0.528215 0.047531 0.066153
0 0.483766 0.457583 0.033984 0.043111
0 0.559059 0.775174 0.082117 0.124764
0 0.835090 0.689382 0.090305 0.084542
0 0.555629 0.460847 0.035242 0.038972
0 0.282715 0.652715 0.056102 0.099875
0 0.502848 0.649896 0.069930 0.107847
0 0.245195 0.468882 0.037844 0.045958
0 0.352063 0.438153 0.024984 0.019639
0 0.825617 0.553174 0.072453 0.071042
0 0.765852 0.602361 0.068687 0.075500
0 0.313379 0.478146 0.038758 0.040958
0 0.621336 0.451993 0.045031 0.039153
0 0.636020 0.475049 0.043070 0.026097
0 0.615707 0.500285 0.049430 0.052208
0 0.969523 0.718139 0.060953 0.113222
0 0.227910 0.929826 0.118273 0.140347
0 0.435613 0.945910 0.130258 0.108181
0 0.263918 0.544097 0.048648 0.061667
0 0.383246 0.482229 0.041711 0.047181
0 0.323996 0.421278 0.030023 0.033139
0 0.272645 0.407236 0.030336 0.034278
0 0.213555 0.390382 0.015797 0.020792
0 0.197598 0.395722 0.019273 0.026972
