0 0.682719 0.721694 0.086203 0.128083
0 0.522504 0.693181 0.066523 0.116250
0 0.676910 0.580743 0.062211 0.066819
0 0.929129 0.608486 0.083602 0.075306
0 0.397578 0.657521 0.069687 0.137236
0 0.596523 0.529813 0.038641 0.048931
0 0.610254 0.474090 0.050336 0.051625
0 0.447281 0.573403 0.053781 0.065833
0 0.979398 0.580125 0.041125 0.071694
0 0.936516 0.692208 0.085641 0.076556
0 0.282738 0.782111 0.078508 0.169556
0 0.663152 0.476292 0.043758 0.030861
0 0.888645 0.962799 0.143648 0.074403
0 0.291582 0.992167 0.116258 0.015667
0 0.676172 0.962944 0.122125 0.074111
0 0.547852 0.581424 0.083359 0.104653
0 0.286066 0.633097 0.050461 0.066306
0 0.277473 0.589549 0.051555 0.054597
0 0.331035 0.548278 0.049727 0.066944
0 0.237438 0.520653 0.040219 0.050694
0 0.343105 0.497903 0.045336 0.045500
0 0.344199 0.466056 0.039492 0.033806
0 0.445293 0.464104 0.039117 0.044208
0 0.501051 0.485556 0.052648 0.052000
0 0.536699 0.433556 0.039852 0.046806
0 0.474176 0.423479 0.052289 0.046153
0 0.391730 0.442979 0.038023 0.043542
0 0.376738 0.416333 0.034367 0.040944
0 0.315680 0.417632 0.032172 0.026653
0 0.265406 0.414056 0.027422 0.031194
0 0.235980 0.399104 0.030711 0.031208
0 0.190457 0.393583 0.022305 0.021444
0 0.170715 0.391306 0.017914 0.024694
0 0.215320 0.435826 0.036203 0.031847
0 0.264680 0.448507 0.039125 0.036403
0 0.242742 0.467354 0.038391 0.037708
0 0.203801 0.473854 0.038758 0.049403
0 0.811191 0.676153 0.085023 0.082917
