0 0.308668 0.521285 0.039961 0.057486
0 0.369398 0.587653 0.046719 0.076750
0 0.443539 0.502944 0.049437 0.066778
0 0.401004 0.677424 0.060992 0.114903
0 0.657918 0.699174 0.088586 0.113542
0 0.544996 0.502125 0.044727 0.050056
0 0.467348 0.438743 0.040352 0.050375
0 0.650879 0.573160 0.051320 0.038792
0 0.628617 0.510549 0.052250 0.047597
0 0.920125 0.651618 0.100234 0.102764
0 0.766156 0.642278 0.077375 0.085111
0 0.498109 0.628722 0.066484 0.102194
0 0.597602 0.826569 0.094047 0.139778
0 0.702535 0.501125 0.056852 0.056694
0 0.347766 0.422681 0.035094 0.021167
0 0.888852 0.931986 0.178859 0.136028
0 0.227293 0.917382 0.151227 0.165236
0 0.668789 0.967000 0.132953 0.066000
0 0.532254 0.582250 0.060695 0.068750
0 0.543270 0.454340 0.059227 0.054819
0 0.417977 0.430778 0.044891 0.042639
0 0.348988 0.400771 0.037039 0.025181
0 0.295160 0.417972 0.031867 0.031056
0 0.262582 0.414819 0.023836 0.023917
0 0.239098 0.399722 0.020773 0.023917
0 0.219391 0.406222 0.024313 0.015111
0 0.251965 0.442306 0.038477 0.035250
0 0.261051 0.477563 0.041070 0.045319
0 0.203457 0.446924 0.025961 0.026847
0 0.182449 0.395729 0.030211 0.022653
0 0.333750 0.480917 0.043906 0.052028
0 0.380371 0.471681 0.045555 0.040278
0 0.376828 0.521403 0.045078 0.047417
