0 0.437027 0.437056 0.031711 0.041278
0 0.425422 0.502493 0.050406 0.065431
0 0.368789 0.507528 0.049266 0.053361
0 0.453418 0.958701 0.125852 0.082597
0 0.663633 0.487583 0.047250 0.042722
0 0.507371 0.445965 0.122117 0.145597
0 0.219922 0.393840 0.032641 0.027569
0 0.560852 0.510090 0.048672 0.048569
0 0.289469 0.501903 0.037484 0.041806
0 0.227262 0.470313 0.069102 0.060264
0 0.697781 0.591556 0.142875 0.134139
0 0.779273 0.545604 0.044672 0.039958
0 0.745027 0.559569 0.055695 0.054778
0 0.396125 0.691528 0.059344 0.093444
0 0.240484 0.466326 0.041906 0.049708
0 0.502387 0.554028 0.049195 0.056472
0 0.267316 0.539250 0.040164 0.069194
0 0.620637 0.550562 0.052273 0.055542
0 0.866848 0.720812 0.096039 0.097514
0 0.223695 0.423944 0.036516 0.032639
0 0.360687 0.419049 0.024484 0.024292
0 0.346625 0.436563 0.034672 0.032236
0 0.654301 0.521486 0.049680 0.033250
