0 0.254773 0.398229 0.021937 0.021375
0 0.267020 0.414806 0.017180 0.024639
0 0.298277 0.404403 0.031445 0.022028
0 0.230457 0.407618 0.025227 0.023403
0 0.193895 0.403431 0.025961 0.017611
0 0.542230 0.580646 0.063883 0.077458
0 0.464270 0.515583 0.058867 0.067611
0 0.778332 0.649021 0.087617 0.104986
0 0.516258 0.432583 0.048266 0.050694
0 0.660129 0.462160 0.048633 0.051347
0 0.377801 0.512986 0.042414 0.059806
0 0.387672 0.481132 0.040219 0.041597
0 0.275719 0.464951 0.038750 0.040292
0 0.323250 0.445451 0.039484 0.053292
0 0.344637 0.415549 0.025961 0.029903
0 0.372316 0.441486 0.026695 0.037694
0 0.232031 0.469826 0.030344 0.043542
0 0.404762 0.448764 0.030711 0.035750
0 0.463246 0.449479 0.037289 0.033792
0 0.990824 0.642319 0.018023 0.057972
0 0.338211 0.525931 0.062266 0.090028
0 0.438078 0.582187 0.048578 0.062819
0 0.623305 0.679708 0.078016 0.101861
0 0.292566 0.503799 0.040148 0.049764
0 0.552844 0.472118 0.052297 0.055625
0 0.262273 0.898542 0.121719 0.191667
0 0.842543 0.615944 0.072773 0.069472
0 0.616543 0.497646 0.051570 0.059653
0 0.285625 0.625569 0.053938 0.103528
0 0.736105 0.518403 0.052773 0.050639
0 0.700043 0.537701 0.057023 0.058625
0 0.476270 0.632667 0.059898 0.081889
