0 0.508844 0.566375 0.054641 0.063167
0 0.328020 0.541375 0.038570 0.062972
0 0.212777 0.401521 0.022664 0.021403
0 0.292254 0.506646 0.039008 0.062097
0 0.251699 0.551090 0.041086 0.049458
0 0.322051 0.417250 0.041477 0.034167
0 0.333816 0.486021 0.042555 0.046042
0 0.274152 0.398160 0.014633 0.017208
0 0.260461 0.410125 0.030687 0.026861
0 0.406367 0.413826 0.037422 0.031069
0 0.920055 0.546160 0.073312 0.057292
0 0.734008 0.795264 0.118594 0.185222
0 0.372086 0.475806 0.034266 0.038361
0 0.389008 0.637125 0.087563 0.191028
0 0.429621 0.568312 0.035961 0.068431
0 0.433004 0.508903 0.054570 0.062417
0 0.913918 0.595833 0.083570 0.049444
0 0.737738 0.492535 0.051555 0.051847
0 0.748547 0.577972 0.070609 0.064361
0 0.293238 0.778486 0.072430 0.150000
0 0.197555 0.386833 0.021953 0.026444
0 0.544289 0.733528 0.073797 0.110306
0 0.301063 0.596229 0.042797 0.074347
0 0.897281 0.460250 0.070922 0.064389
