0 0.178066 0.419063 0.024133 0.028597
0 0.345008 0.409764 0.026547 0.020222
0 0.430785 0.899792 0.101492 0.200417
0 0.668086 0.521965 0.043828 0.044931
0 0.307414 0.529340 0.047016 0.072653
0 0.639145 0.561507 0.038602 0.050625
0 0.985582 0.636264 0.028383 0.087583
0 0.853082 0.942514 0.107055 0.108250
0 0.273965 0.839493 0.085648 0.135764
0 0.874926 0.697778 0.079148 0.081972
0 0.507133 0.464465 0.040359 0.037986
0 0.423809 0.421687 0.037070 0.034153
0 0.382117 0.624201 0.050766 0.077236
0 0.830715 0.612056 0.071617 0.062139
0 0.563035 0.485076 0.047570 0.046319
0 0.254480 0.407049 0.029742 0.034931
0 0.234250 0.397076 0.019391 0.026708
0 0.188645 0.395861 0.024852 0.029139
0 0.596730 0.639903 0.078148 0.092028
0 0.336668 0.427236 0.024008 0.026694
0 0.239656 0.521167 0.040266 0.063167
0 0.570965 0.445306 0.045305 0.041278
0 0.345988 0.489424 0.042305 0.054903
0 0.295859 0.463472 0.046953 0.054139
0 0.184828 0.475250 0.033266 0.048694
0 0.191773 0.443076 0.023766 0.032569
