0 0.313867 0.424590 0.029781 0.022514
0 0.230617 0.452285 0.042344 0.043819
0 0.242945 0.405944 0.030969 0.033139
0 0.266957 0.393583 0.020227 0.017417
0 0.229039 0.387687 0.027813 0.037069
0 0.211027 0.404257 0.025273 0.028653
0 0.175320 0.392458 0.022750 0.023028
0 0.877773 0.645674 0.082687 0.071264
0 0.676820 0.958229 0.132453 0.083542
0 0.498641 0.545868 0.060937 0.075708
0 0.421324 0.534222 0.064867 0.073389
0 0.444586 0.462000 0.036687 0.036111
0 0.246949 0.907264 0.098727 0.153556
0 0.460508 0.444424 0.028125 0.031458
0 0.479008 0.438785 0.021453 0.028125
0 0.495895 0.429535 0.019273 0.028653
0 0.372500 0.407625 0.035391 0.037639
0 0.409402 0.675194 0.059086 0.113833
0 0.284801 0.690958 0.060633 0.132806
0 0.340656 0.542938 0.051359 0.061986
0 0.850840 0.694007 0.089523 0.083181
0 0.521508 0.653722 0.071312 0.110250
0 0.267227 0.587076 0.047422 0.076542
0 0.700340 0.598917 0.066695 0.071306
0 0.715336 0.513646 0.055375 0.059792
0 0.456187 0.604014 0.051344 0.077194
0 0.774734 0.870417 0.118641 0.148306
0 0.576258 0.483083 0.050875 0.052889
0 0.314047 0.400326 0.030344 0.023042
0 0.366016 0.436583 0.040141 0.023722
0 0.265062 0.486278 0.039188 0.045500
0 0.237414 0.520542 0.039500 0.063472
