0 0.567648 0.523340 0.055547 0.041681
0 0.653922 0.434382 0.128406 0.101542
0 0.467121 0.955187 0.109617 0.089625
0 0.258871 0.546056 0.041852 0.098833
0 0.565293 0.478840 0.051898 0.052153
0 0.682031 0.497563 0.052500 0.052875
0 0.800590 0.506889 0.063258 0.047667
0 0.778430 0.655236 0.084578 0.071583
0 0.332496 0.536979 0.043039 0.062375
0 0.301055 0.650069 0.051656 0.093056
0 0.962680 0.617090 0.074641 0.096097
0 0.190512 0.441486 0.037383 0.049333
0 0.177773 0.395271 0.021938 0.027292
0 0.211406 0.391049 0.034375 0.030542
0 0.247422 0.399819 0.033266 0.031194
0 0.284531 0.404694 0.030719 0.030556
0 0.301531 0.424521 0.029609 0.023403
0 0.506145 0.425646 0.107867 0.112819
0 0.361258 0.408722 0.024531 0.027833
0 0.342434 0.432417 0.033414 0.027083
0 0.389391 0.427521 0.031734 0.033847
0 0.276652 0.488819 0.043992 0.054139
0 0.323188 0.476785 0.045688 0.048125
0 0.372254 0.508750 0.048227 0.050389
0 0.260070 0.945264 0.117734 0.109472
0 0.424316 0.566549 0.052336 0.080403
0 0.821996 0.559021 0.068773 0.055764
0 0.709703 0.551840 0.060687 0.062014
0 0.624437 0.859847 0.136000 0.180444
